((("NULL" .
   [1 0 0 0])
  ("else" .
   [1 0 0 0])
  ("get_word" .
   [1 0 0 0 0 0 0 0])
  ("size" .
   [4 0 0 0])
  ("word" .
   [5 0 0 0])
  ("126" .
   [3 0 0])
  ("if" .
   [1 0])
  ("struct" .
   [1 0 0 0 0 1])
  ("Last" .
   [0 0 1 0])
  ("argv" .
   [0 0 0 1])
  ("static" .
   [1 0 0 0 0 0])
  ("include" .
   [5 0 0 0 0 0 0])
  ("int" .
   [7 0 0])
  ("char" .
   [5 0 0 0])
  ("my_str_to_wordtab" .
   [0 0 0 0 0 0 0 0 1 0 0 0 0 0 0 0 0])
  ("str" .
   [14 0 1])
  ("tab" .
   [10 0 0])
  ("malloc" .
   [2 0 0 0 1 0])
  ("sizeof" .
   [2 0 0 0 0 0])
  ("count_words" .
   [0 0 0 0 0 0 0 1 0 0 0])
  ("while" .
   [3 0 0 0 0])
  ("return" .
   [2 0 0 0 0 0])
  ("break" .
   [1 0 0 0 0])))
